8430db1ffffffff, 32.533289866011955, 129.60241564279514, 0.0800
8430dbbffffffff, 32.8166554935512, 129.8918294774858, 0.6636
8430db3ffffffff, 32.50399275890253, 130.05517168149032, 0.6100
844b66dffffffff, 32.78675237264726, 130.34542306740025, 0.9064
8430d97ffffffff, 33.09824362929273, 130.18194710816383, 0.6486
8430d95ffffffff, 33.127046510991576, 129.72842172235332, 0.4007
8430db9ffffffff, 32.84484848436504, 129.43915464814904, 0.6416
8430d83ffffffff, 33.15413408558248, 129.2758355563811, 0.7287
8430d9dffffffff, 33.435164752040876, 129.5649510364753, 0.4789
8430d91ffffffff, 33.40746345668905, 130.01840073779533, 0.4885
8430d99ffffffff, 33.71441109818928, 129.85478657753663, 0.8104
8430d9bffffffff, 33.68607908079413, 130.30907941640922, 0.9786
8430ca5ffffffff, 33.991853264952965, 130.14532998478086, 0.0450
8430ca7ffffffff, 33.96287387129504, 130.60044527675572, 0.0574
8430ca3ffffffff, 34.2378290456881, 130.89248563615962, 0.5984
8430ca1ffffffff, 34.26747211550872, 130.43656885817813, 0.3418
8430db7ffffffff, 32.21945959898615, 129.7656159216348, 0.6980
844b665ffffffff, 32.47299109433253, 130.50882600110472, 0.9788
844b75dffffffff, 31.903359720199134, 129.92875287187167, 0.4511
844b759ffffffff, 32.18906002594253, 130.21844572034846, 0.7256
844b755ffffffff, 31.58499295144602, 130.09182388684366, 0.9114
844b71dffffffff, 31.23066926651429, 130.70783280646458, 0.9204
844b757ffffffff, 31.552394837814045, 130.5447788798431, 0.1694
844b70bffffffff, 31.26436271573697, 130.2548263662681, 0.1376
844b719ffffffff, 31.51811131384792, 130.99857061278314, 0.4530
844b71bffffffff, 31.482136427383715, 131.45314432369932, 0.0472
844b711ffffffff, 31.195297616907418, 131.16165544572772, 0.9027
844b625ffffffff, 31.80377664531585, 131.28995838614108, 0.0158
844b621ffffffff, 32.087643374911366, 131.5819831856967, 0.2185
844b627ffffffff, 31.7671816268605, 131.745261801827, 0.2629
844b661ffffffff, 32.75513150525655, 130.7998811942993, 0.7947
844b62bffffffff, 32.36969038326165, 131.8746318815909, 0.2615
844b629ffffffff, 32.40584600214911, 131.4186113896512, 0.4180
844b605ffffffff, 32.68670973838033, 131.71117099247562, 0.0428
844b623ffffffff, 32.05041168609911, 132.03799468074106, 0.0563
844b607ffffffff, 32.6498973193413, 132.16789115760233, 0.0814
844b639ffffffff, 32.61134413964012, 132.62525292542912, 0.8526
844b63bffffffff, 32.57104637084438, 133.0831992473198, 0.2783
844b601ffffffff, 32.965729592087534, 132.0043497235694, 0.3925
844b603ffffffff, 32.92824460145457, 132.46174751393318, 0.0197
844b60bffffffff, 33.24288637326142, 132.29813414970303, 0.2911
844b609ffffffff, 33.27929981302301, 131.84070784467366, 0.2080
844b655ffffffff, 33.55526691269712, 132.13441539673167, 0.4380
844b643ffffffff, 33.59060580734909, 131.6769681005013, 0.4168
844b649ffffffff, 33.93214048077931, 131.05639817087132, 0.2394
844b641ffffffff, 33.62418343118454, 131.22022557997147, 0.8145
844b64bffffffff, 33.89964606467117, 131.51313308011885, 0.6738
844b65dffffffff, 33.86538434895688, 131.97059382920017, 0.8803
844b651ffffffff, 33.8293498271468, 132.42872369405737, 0.4639
844b65bffffffff, 34.10153126358844, 132.72361900398795, 0.5374
844b659ffffffff, 34.13827636061649, 132.2648289560777, 0.6125
842e6d3ffffffff, 34.0919984488374, 133.13220662053442, 0.9503
842e6d1ffffffff, 34.08103727071469, 133.5433854061429, 0.5496
842e699ffffffff, 34.43096064910161, 132.91638009656933, 0.5915
842e6d5ffffffff, 34.411275450211946, 133.7424271715729, 0.6225
842e6d7ffffffff, 34.42184442749945, 133.32810026966612, 0.9656
842e6c1ffffffff, 34.3856738904966, 134.57882419734318, 0.2082
842e6c3ffffffff, 34.399227370196996, 134.15934189441006, 0.2342
842e6c7ffffffff, 34.73093457192475, 134.36404048437484, 0.1748
842e613ffffffff, 34.70292278182269, 135.2119888005621, 0.8458
842e6c5ffffffff, 34.717707649959564, 134.78673539351993, 0.4128
842e6cdffffffff, 34.370588787770124, 135.00085248857945, 0.4001
842e6c9ffffffff, 34.03932503392989, 134.79228199669137, 0.8650
844b6cdffffffff, 33.3962085869678, 133.97010892534354, 0.2407
844b61bffffffff, 33.438635606023006, 133.5104153799855, 0.1401
844b615ffffffff, 32.88900735123504, 132.9197509831085, 0.9529
844b611ffffffff, 33.164777057509035, 133.21480983146057, 0.6991
844b613ffffffff, 33.12307420152099, 133.67394402468645, 0.7336
844b617ffffffff, 32.848014377526376, 133.37830269431566, 0.4979
844b6c1ffffffff, 33.38012949085464, 134.38267495695706, 0.9257
844b6ddffffffff, 33.69192336250193, 135.00442025162886, 0.7250
844b6cbffffffff, 33.70916206335134, 134.58623626413208, 0.0648
844b6d9ffffffff, 34.02239218694118, 135.21363210822454, 0.8005
844b6d7ffffffff, 33.322909643732615, 135.63520569633843, 0.2642
844b6d1ffffffff, 33.673153713539634, 135.42508093079, 0.6295
842e65bffffffff, 33.63092173185273, 136.27373628337924, 0.7735
842e651ffffffff, 33.96214961373874, 136.49250947432063, 0.6263
844b699ffffffff, 33.30076029591646, 136.05758445642334, 0.6347
842e655ffffffff, 34.29441163637294, 136.713945509013, 0.1886
8430c2bffffffff, 34.704405978713815, 127.55773138963073, 0.0326
8430c07ffffffff, 34.98083680723765, 127.84406453395918, 0.5441
8430c39ffffffff, 34.96211775433413, 128.29484829173018, 0.1135
8430c3bffffffff, 34.941671337434656, 128.74674577348887, 0.5108
8430c29ffffffff, 34.72081889553237, 127.10913558566985, 0.4115
8430c2dffffffff, 34.44207390131999, 126.82465289986632, 0.8299
8430c21ffffffff, 34.426233483649725, 127.27220776728032, 0.6300
8430c31ffffffff, 34.666463645704106, 128.45846067550744, 0.6627
8430c23ffffffff, 34.40870599060542, 127.72098933564362, 0.3285
8430d5bffffffff, 34.45624011166226, 126.37837409728921, 0.0861
8430c65ffffffff, 34.74859122594285, 126.21573166560037, 0.6157
8430c61ffffffff, 35.026749829360774, 126.49890620011575, 0.7556
8430c6dffffffff, 35.03868260839715, 126.05308361909206, 0.5872
8430c69ffffffff, 35.315698634152184, 126.33601622118977, 0.2112
8430f13ffffffff, 35.60239378871938, 126.17311866569732, 0.5212
8430e27ffffffff, 36.15986590116895, 126.29352563472959, 0.0118
8430c4dffffffff, 35.876559013457225, 126.45667202408089, 0.0628
8430c45ffffffff, 35.59100580996464, 126.61980885720891, 0.9681
842e60bffffffff, 34.64895545374621, 136.5028531567901, 0.4487
842e609ffffffff, 34.62767452581968, 136.93808656488747, 0.4998
842e601ffffffff, 34.98301325344664, 136.72644305922185, 0.0142
8430c17ffffffff, 35.215083520041404, 129.03579111912444, 0.4715
8430c13ffffffff, 35.486682153794085, 129.32558495370736, 0.8019
8430ccdffffffff, 35.75644988769403, 129.61611530438407, 0.3393
8430ea3ffffffff, 36.40888168872162, 129.56363134142845, 0.3880
8430ea7ffffffff, 36.07826500489293, 129.3917034462526, 0.3208
8430cc9ffffffff, 36.086524331245705, 129.78899322043233, 0.9943
8430c3dffffffff, 34.686291552933824, 128.0075233743492, 0.3593
84308adffffffff, 32.4879581571011, 121.82237506639969, 0.2149
84309d3ffffffff, 32.19374761410871, 121.5537800960226, 0.2739
84308a5ffffffff, 32.19231328103568, 121.9810400482431, 0.9085
8430991ffffffff, 31.598032674129524, 121.87047752050101, 0.5731
843099bffffffff, 31.894423218959318, 122.13976474909718, 0.2140
8430997ffffffff, 31.296808316913665, 122.02891923046744, 0.8763
84309bbffffffff, 30.99797909974373, 121.76028080255026, 0.6592
84309b3ffffffff, 30.693430780554618, 121.91843934853048, 0.5884
84309b5ffffffff, 30.396379933006944, 121.22599629891953, 0.2392
84309bdffffffff, 30.700823437626724, 121.0686082319979, 0.2519
84309b1ffffffff, 30.697826613545374, 121.49263779448034, 0.6413
84309b7ffffffff, 30.392208344298844, 121.65044889311226, 0.6201
844b359ffffffff, 30.386638277169997, 122.07665819202926, 0.4888
84309dbffffffff, 32.48824263931518, 121.39552914275338, 0.9671
84308e5ffffffff, 32.78049991015588, 121.23734652642102, 0.7871
84308edffffffff, 33.07052299421213, 121.07923461252682, 0.1487
8430817ffffffff, 33.416175706808296, 120.93154190481353, 0.5949
8430811ffffffff, 33.76065840933246, 120.78309904917283, 0.9702
8430813ffffffff, 33.64814970174411, 121.18836021006732, 0.9579
84308e9ffffffff, 33.361452316636246, 121.34676239003716, 0.3832
84308e1ffffffff, 33.07252408254889, 121.5052338475564, 0.2188
84308e7ffffffff, 32.781360646465494, 121.66377220194114, 0.7757
8430993ffffffff, 31.594285722012277, 122.29854676511566, 0.1034
844b26dffffffff, 30.99333735320149, 122.18741975530538, 0.2293
844b265ffffffff, 30.687619006360197, 122.3459767005335, 0.7373
844b269ffffffff, 31.29189910820222, 122.45738368719456, 0.2603
844b351ffffffff, 30.07760175565437, 122.23493495318056, 0.6676
844b35dffffffff, 30.084349459558602, 121.80832411461843, 0.4932
844b309ffffffff, 29.469629558897317, 121.69857253580396, 0.0136
844b30bffffffff, 29.461912509287828, 122.1242574820177, 0.6625
844b355ffffffff, 29.774250466043494, 121.96626109934012, 0.2754
844b357ffffffff, 29.7663220135197, 122.39326724684001, 0.9077
844b303ffffffff, 29.14733738997813, 122.2823108919988, 0.6810
844b305ffffffff, 28.849342767137347, 121.58918361503243, 0.2038
844b301ffffffff, 29.15624233926833, 121.8562274968782, 0.3891
844b307ffffffff, 28.840622958009867, 122.01394331936132, 0.2007
844b32bffffffff, 28.532688887183205, 121.74655640000397, 0.5056
844b321ffffffff, 28.22356737247677, 121.48015635125225, 0.9565
844b323ffffffff, 28.21381144862047, 121.90399149309616, 0.9492
844b33dffffffff, 28.522774254642037, 122.17171764708485, 0.9287
844b325ffffffff, 27.913291102028108, 121.21474917395547, 0.3516
844b327ffffffff, 27.9036717816945, 121.63724681992963, 0.2131
8441b65ffffffff, 27.5923883653486, 121.37148973954366, 0.9844
8441b67ffffffff, 27.601893241681093, 120.95034065388863, 0.8564
8441b29ffffffff, 27.610093221904187, 120.53098799908797, 0.7362
8441b63ffffffff, 27.289407418961748, 120.68693636323465, 0.6236
8441b6bffffffff, 26.96652509409562, 120.84296173066355, 0.6204
8441b0dffffffff, 26.975867706498303, 120.42454166214468, 0.2488
8441b61ffffffff, 27.27999478711446, 121.10672614875426, 0.2985
843081bffffffff, 33.99138276768781, 121.04069550881252, 0.3538
843098dffffffff, 31.41129361383807, 120.35007795842475, 0.1729
84309a9ffffffff, 30.8095908623596, 120.2427408935545, 0.7865
84309e3ffffffff, 31.164713332864373, 120.09346129136716, 0.2480
8430987ffffffff, 31.003030435821962, 120.9112927206645, 0.1328
8430995ffffffff, 31.30028368368019, 121.60218492846542, 0.5641
843099dffffffff, 31.600345579867092, 121.4441540949543, 0.1495
84309d7ffffffff, 31.898166417935553, 121.28619066478853, 0.7852
84309d5ffffffff, 31.897904842112105, 120.86208161428172, 0.7303
843098bffffffff, 31.601241899271496, 121.0196127440655, 0.9261
8430985ffffffff, 31.057386234012807, 120.4986017442198, 0.6621
84309a3ffffffff, 30.399170031872355, 120.80333586698649, 0.2544
