8309a9fffffffff, 62.806733390610326, 4.140340205348018, 0.8607
8309abfffffffff, 61.983741686070296, 5.270446481089175, 0.2551
830836fffffffff, 62.72723841518537, 6.062652226893117, 0.0295
830834fffffffff, 63.547790205398066, 4.93504229657345, 0.8928
830830fffffffff, 63.452796548421794, 6.880273103370711, 0.7008
830831fffffffff, 64.16036162786905, 7.724202590985023, 0.7986
830806fffffffff, 64.0257694894376, 9.646197906548808, 0.0811
830800fffffffff, 64.70000012793489, 10.536199075467657, 0.4796
830804fffffffff, 64.85250072045723, 8.749673994365354, 0.8891
830805fffffffff, 65.47224524766433, 10.345055476874641, 0.4519
830828fffffffff, 66.62340292648821, 12.088077712967987, 0.2881
83082afffffffff, 65.82558825690671, 12.221216248525467, 0.2670
83082efffffffff, 66.25873208109671, 10.138350472089625, 0.0679
830823fffffffff, 65.69248384857984, 8.432038136634482, 0.3260
830822fffffffff, 64.98558718371339, 6.910158235019765, 0.1235
830835fffffffff, 64.27085356641467, 5.756394036329909, 0.1979
8309a8fffffffff, 62.047745525909384, 3.371302784338422, 0.8327
8309aefffffffff, 61.270905974172685, 2.626970612379885, 0.4061
830985fffffffff, 60.443234898009294, 3.7587877917962174, 0.9211
8309aafffffffff, 61.22237734961306, 4.502778155653225, 0.9565
830980fffffffff, 59.60414480765171, 4.836943260722509, 0.4792
830986fffffffff, 58.80517909288326, 4.1165549189694906, 0.1154
830995fffffffff, 57.953771003518135, 5.145999267557064, 0.0008
830990fffffffff, 57.093359137530136, 6.128675030763966, 0.9441
830993fffffffff, 57.29524731100651, 7.930908293684206, 0.1541
830991fffffffff, 57.95106144339234, 6.8714433965642465, 0.0117
830982fffffffff, 58.754815413482675, 5.864453308742054, 0.8263
83099efffffffff, 58.143238885276936, 8.711606534933475, 0.8298
830998fffffffff, 58.97566347103951, 9.519746713993914, 0.0603
83099afffffffff, 58.30944522899033, 10.580162618281626, 0.3056
831f24fffffffff, 57.47200566126167, 9.762055379648784, 0.7949
831f20fffffffff, 56.7802229223756, 10.792008038724333, 0.5186
831f25fffffffff, 57.622673608307714, 11.618993223252208, 0.6254
831f23fffffffff, 56.06800649988765, 11.801412412521955, 0.4774
831f2efffffffff, 56.18795713464842, 13.631914277795769, 0.0069
831f21fffffffff, 56.915461865875656, 12.636228754147833, 0.1003
831f2afffffffff, 55.4403417502264, 14.606145024731703, 0.7831
831f0cfffffffff, 54.67283458647246, 15.559061783456409, 0.1780
831f01fffffffff, 54.582914761789795, 13.758629062237537, 0.4444
831f00fffffffff, 54.46692533861172, 11.974482143680012, 0.4835
831f05fffffffff, 55.33550771822244, 12.790269462772397, 0.9500
831f04fffffffff, 55.20452539704515, 10.99291144510189, 0.4066
831f28fffffffff, 56.28102136810148, 15.479832107585247, 0.8946
831f2bfffffffff, 55.51839347308023, 16.43712832638013, 0.7219
831f76fffffffff, 55.569153042056215, 18.27962963978878, 0.6707
831f70fffffffff, 55.592242807965434, 20.12991902532103, 0.2298
831f75fffffffff, 56.393707237500216, 21.090854285878425, 0.0232
830896fffffffff, 57.15701093567304, 18.272979315376976, 0.7520
831f29fffffffff, 56.346613758966946, 17.34152389636839, 0.9482
831f74fffffffff, 56.384280594307164, 19.213177276384126, 0.7422
830890fffffffff, 57.949132356386954, 19.232212536074744, 0.7172
830894fffffffff, 57.910165510628424, 17.30893930750185, 0.1043
830895fffffffff, 58.69771927096722, 18.26595685346456, 0.6484
830891fffffffff, 58.72255656483418, 20.219922641170147, 0.3811
830893fffffffff, 57.95900368288524, 21.16180340692608, 0.6641
830892fffffffff, 57.18104145498703, 20.173694508475542, 0.7729
831f72fffffffff, 54.77234727791007, 19.195138400961255, 0.0474
831f65fffffffff, 57.89092099574536, 25.022481376718797, 0.8445
831f64fffffffff, 57.93960599379609, 23.09335439490532, 0.4769
831f60fffffffff, 57.14268304305255, 23.983175418592012, 0.5659
830898fffffffff, 59.45696665405675, 23.223130073548568, 0.1805
83089efffffffff, 58.71776791538664, 22.178096609948756, 0.0642
83089afffffffff, 58.68325792400209, 24.135913821905145, 0.7274
83089bfffffffff, 59.57264379581432, 24.934400718992038, 0.7786
831135fffffffff, 59.66731600262548, 26.687172461631636, 0.0947
831131fffffffff, 59.739530724566585, 28.479576608287413, 0.7247
831122fffffffff, 60.59470279045015, 27.526723033384158, 0.8958
831126fffffffff, 60.502540464608565, 25.709341634494756, 0.3074
83089cfffffffff, 59.476892549866534, 21.236783092582954, 0.0143
830882fffffffff, 59.46670267715353, 19.25232907365805, 0.1474
83089dfffffffff, 60.25277399921723, 22.204964884122795, 0.1773
830883fffffffff, 60.21673266885697, 20.26881542392714, 0.7997
83088efffffffff, 61.03084246326057, 21.149698391003177, 0.4713
830881fffffffff, 60.93706869284685, 19.273621708203994, 0.0848
8308aafffffffff, 61.637707340445836, 18.2506631681611, 0.4105
830885fffffffff, 60.89590707264027, 17.238069243899286, 0.9415
830880fffffffff, 60.19121804861819, 18.258530119185007, 0.0732
83088cfffffffff, 61.79058737826669, 20.056021281501987, 0.8859
830888fffffffff, 61.965452099271594, 21.82005569963072, 0.9225
83088dfffffffff, 62.726230617601985, 20.701864642274547, 0.1920
8308abfffffffff, 62.53144301131201, 18.922639289357402, 0.9003
8308a8fffffffff, 62.31848033513961, 17.19944137537424, 0.0333
8308f2fffffffff, 63.66292140612226, 21.393100746111028, 0.6909
8308f6fffffffff, 63.46762148311495, 19.54114941624631, 0.0754
8308d5fffffffff, 64.77186164561938, 24.125551514717177, 0.7598
8308f3fffffffff, 64.5997319910168, 22.134465299147642, 0.9820
8308d4fffffffff, 63.83695619344009, 23.303051233238858, 0.0427
8308c6fffffffff, 65.53566773091246, 22.93133886673331, 0.8416
8308c2fffffffff, 65.70475199483454, 25.009727400799722, 0.0925
83095afffffffff, 67.7909952155952, 14.066895988270579, 0.5455
83082dfffffffff, 67.43590238727829, 11.943350501976447, 0.8768
830829fffffffff, 66.96804604713749, 14.124199886947595, 0.9884
83095bfffffffff, 68.12221767372075, 16.28523025352331, 0.5563
830959fffffffff, 68.96931105825657, 16.326997397459323, 0.0346
830958fffffffff, 68.62897574648473, 14.004246314602698, 0.2736
83094afffffffff, 69.83161678661203, 16.372949240698812, 0.1688
83094bfffffffff, 70.15067436534437, 18.924164451866996, 0.0767
831f26fffffffff, 56.61882460508928, 8.971061193975586, 0.3174
831f22fffffffff, 55.92187739943272, 9.991758534863335, 0.5581
831f06fffffffff, 54.32554377397681, 10.209808056925779, 0.0417
83099bfffffffff, 59.130680924402625, 11.426449956609952, 0.8238
8308f1fffffffff, 65.34216701471176, 20.916868927489887, 0.2712
831f73fffffffff, 54.78120086023602, 21.02361944002524, 0.8438
831f0dfffffffff, 54.73612397574192, 17.372406657334587, 0.6854
831f31fffffffff, 55.048143293419095, 9.217266349369195, 0.3919
830992fffffffff, 56.432157343772204, 7.176553156985059, 0.6061
